option:2
lr:0.00001
    train_acc: 0.5363,0.6159,0.6984,0.7647,0.8137,0.8394,0.8772,
    test_acc: 0.6075,0.6725,0.6925,0.6850,0.6887,0.6883,0.6800,
lr:0.00002
    train_acc: 0.7634,0.8394,0.8903,0.8994,0.9494,0.9603,0.9772,
    test_acc: 0.6225,0.6750,0.6687,0.6925,0.6737,0.6438,0.6538,
lr:0.000015
    train_acc: 0.7909,0.8928,0.9278,0.9487,0.9622,0.9691,0.9759,
    test_acc: 0.6650,0.6400,0.6462,0.6375,0.6275,0.6400,0.6325,

option:0
lr:0.00001
    train_acc: 0.4709,0.5819,0.5863,0.6238,0.6503,0.6856,0.7262,
    test_acc: 0.6000,0.6062,0.6088,0.6325,0.6450,0.6525,0.6500,
lr:0.00002
    train_acc: 0.5356,0.6072,0.6372,0.6997,0.7797,0.8387,0.8688,
    test_acc: 0.5988,0.6238,0.6562,0.6425,0.6575,0.6613,0.6625,
lr:0.000015
    train_acc: 0.5337,0.5850,0.6203,0.6528,0.7044,0.7619,0.8206,
    test_acc: 0.5962,0.6362,0.6362,0.6425,0.6150,0.63750.6350,

option:1
lr:0.00001
    train_acc: 0.5363,0.6156,0.6787,0.7431,0.7963,0.8219,0.8650,
    test_acc: 0.5962,0.6438,0.6550,0.6650,0.6550,0.6700,0.6538,
lr:0.00002
    train_acc: 0.7772,0.8597,0.8816,0.9041,0.9141,0.9297,0.9350,
    test_acc: 0.6700,0.6450,0.6500,0.6538,0.6438,0.6587,0.6587,
lr:0.000015
    train_acc: 0.8378,0.9400,0.9487,0.9613,0.9675,0.9716,0.9725,
    test_acc: 0.6262,0.6325,0.6500,0.6787,0.6288,0.6575,0.6775,